# objects file to place on scene
# it is the same as audobj3, just to decrease messy with indices of the command

0 0 255 mat 0 0 0 0 100 0
255 255 0 ball 10 120 25 100
200 255 255 box 250 50 25 100
255 0 255 roll -120 110 20 100 200
177 93 240 ball 127 69 119 39
19 148 219 ball 149 -62 25 24
71 242 74 roll 202 -267 -141 31 91
90 248 93 roll -70 -33 252 35 124
88 247 95 box -71 -126 218 46
124 135 46 roll -233 178 -135 39 139
189 77 244 roll -92 -74 -58 24 102
41 15 154 box 166 -294 114 42
100 225 122 box 200 228 -299 14
186 237 15 ball 111 22 80 20
135 108 21 roll 66 -268 -184 17 180
114 149 76 box -10 134 120 13
128 135 51 ball 159 -52 -295 11
57 202 71 ball -196 -206 -195 33
18 105 175 ball -5 286 -11 39
89 1 220 ball 228 193 74 15
116 75 138 ball 66 -184 255 34
125 229 0 ball -204 56 67 27
18 11 174 ball -202 -189 -289 25
175 42 72 box -84 64 -199 26
173 233 122 box 239 112 156 35
111 38 180 ball 126 183 241 50
73 174 18 ball 236 26 41 25
202 181 83 ball 213 247 235 25
187 164 150 roll 7 23 74 33 144
208 130 209 box 67 80 129 19
172 70 157 box 190 36 133 40
240 59 249 ball 109 103 186 36
32 203 11 box 10 220 41 14
27 131 240 box 9 220 123 28
99 22 155 roll 146 231 176 15 155
244 95 26 roll 104 154 195 46 50
239 105 200 roll 133 66 155 46 173
86 251 27 roll 140 215 85 36 199
159 136 172 roll 138 201 243 26 165
69 221 6 roll 86 65 220 33 74
206 83 32 ball 173 250 5 35
143 43 250 roll 90 35 171 31 193
80 203 6 ball 144 53 172 24
10 210 239 roll 67 6 186 15 194
10 212 207 roll 55 119 185 25 147
57 160 98 roll 182 85 69 28 144
32 194 84 ball 77 36 51 29
134 236 197 box 46 40 69 50
141 34 230 box 132 156 124 13
197 23 28 ball 78 123 159 39
254 114 253 box 144 246 43 30
199 95 248 ball 186 43 84 17
215 220 189 roll 35 81 114 39 145
30 174 171 ball 162 112 178 12
181 74 21 roll 130 61 149 18 101
203 33 209 ball 141 70 195 34
26 218 229 ball 27 218 186 35
165 81 204 roll 182 214 210 46 117
167 36 115 box 185 170 248 46
34 31 25 box 189 61 42 22
74 93 195 box 71 195 115 47
246 38 91 box 212 81 37 43
100 110 225 roll 223 179 188 31 68
186 95 149 roll 133 113 225 24 113
62 17 2 roll 5 112 142 45 147
154 113 100 roll 36 200 200 37 153
56 227 37 roll 235 74 103 24 133
233 188 238 box 128 195 10 24
3 236 247 box 175 138 224 13
166 110 19 box 123 202 161 30
246 40 96 box 107 40 245 43
232 95 172 box 214 38 163 33
194 170 95 ball 210 231 83 49
35 92 62 roll 131 127 93 33 91